# Seed params from XAUUSD v2 run W1 (median top-10, 132 viable, score=91.38)
be_offset_pct: 0.05263382504525084
be_trigger_pct: 0.2889550346451537
disp_atr_period: 18
disp_threshold: 1.7277547728015468
liq_lookback: 101
liq_min_touches: 4
liq_tolerance_pct: 0.08028532386266263
max_daily_drawdown_pct: 3.4619962124389643
max_daily_gain_pct: 1.5282106197271772
max_hold_candles: 168
max_positions: 8
max_spread_pips: 5.45495615283027
max_total_drawdown_pct: 9.827238850996299
min_confluence: 0.49109037456002014
ms_lookback_candles: 18
ob_atr_period: 13
ob_displacement_factor: 1.7607765539026348
require_killzone: false
risk_high_pct: 4.378265495834402
risk_high_threshold: 0.8538459203396966
risk_low_pct: 0.2421349062816607
risk_low_threshold: 0.2973046574511307
risk_max_pct: 1.7134995316190857
risk_medium_pct: 0.8244660154736208
rr_ratio: 4.395762105339907
sl_atr_multiple: 2.8388307180025123
swing_left_bars: 3
swing_right_bars: 2
weight_displacement: 0.8989754449000958
weight_fvg: 0.5179332335832384
weight_killzone: 0.7832766111016892
weight_ms: 0.5206035558212709
weight_ob: 0.4254994693981009
weight_pd: 0.961321288829688
